{
 "cells": [
  {
   "cell_type": "code",
   "execution_count": 1,
   "id": "c3070317",
   "metadata": {},
   "outputs": [],
   "source": [
    "import pandas as pd\n",
    "import seaborn as sns\n",
    "import matplotlib.pyplot as plt\n",
    "import numpy as np\n",
    "from sklearn import preprocessing\n",
    "from sklearn.preprocessing import StandardScaler\n",
    "from sklearn.linear_model import LinearRegression\n",
    "from sklearn.metrics import mean_absolute_error\n",
    "from sklearn.metrics import r2_score\n",
    "from statsmodels.stats.outliers_influence import variance_inflation_factor\n",
    "from sklearn.decomposition import PCA\n",
    "import statsmodels.api as sm"
   ]
  },
  {
   "cell_type": "code",
   "execution_count": 15,
   "id": "792d3bd0",
   "metadata": {},
   "outputs": [
    {
     "name": "stdout",
     "output_type": "stream",
     "text": [
      "   day  month  year  Temperature  RH  Ws  Rain  FFMC  DMC    DC  ISI  BUI  \\\n",
      "0    1      6  2012           29  57  18   0.0  65.7  3.4   7.6  1.3  3.4   \n",
      "1    2      6  2012           29  61  13   1.3  64.4  4.1   7.6  1.0  3.9   \n",
      "2    3      6  2012           26  82  22  13.1  47.1  2.5   7.1  0.3  2.7   \n",
      "3    4      6  2012           25  89  13   2.5  28.6  1.3   6.9  0.0  1.7   \n",
      "4    5      6  2012           27  77  16   0.0  64.8  3.0  14.2  1.2  3.9   \n",
      "\n",
      "   FWI   Classes  \n",
      "0  0.5  not fire  \n",
      "1  0.4  not fire  \n",
      "2  0.1  not fire  \n",
      "3  0.0  not fire  \n",
      "4  0.5  not fire  \n",
      "----\n",
      "   day  month  year  Temperature  RH  Ws  Rain  FFMC  DMC    DC  ISI  BUI  \\\n",
      "0    1      6  2012           32  71  12   0.7  57.1  2.5   8.2  0.6  2.8   \n",
      "1    2      6  2012           30  73  13   4.0  55.7  2.7   7.8  0.6  2.9   \n",
      "2    3      6  2012           29  80  14   2.0  48.7  2.2   7.6  0.3  2.6   \n",
      "3    4      6  2012           30  64  14   0.0  79.4  5.2  15.4  2.2  5.6   \n",
      "4    5      6  2012           32  60  14   0.2  77.1  6.0  17.6  1.8  6.5   \n",
      "\n",
      "   FWI   Classes  \n",
      "0  0.2  not fire  \n",
      "1  0.2  not fire  \n",
      "2  0.1  not fire  \n",
      "3  1.0  not fire  \n",
      "4  0.9  not fire  \n"
     ]
    }
   ],
   "source": [
    "import pandas as pd\n",
    "\n",
    "# Read the data from the file into a DataFrame\n",
    "bejaia = pd.read_csv('Bejaia.csv')\n",
    "sidi = pd.read_csv('Sidi.csv')\n",
    "\n",
    "# These files contain the following columns:\n",
    "#   - day: the date of the observation\n",
    "#   - month: the month of the observation\n",
    "#   - year: the year of the observation\n",
    "#   - temperature noon (temperature max) in Celsius degrees: 22 to 42\n",
    "#   - RH: Relative Humidity in %: 21 to 90\n",
    "#   - Ws: Wind speed in km/h: 6 to 29\n",
    "#   - Rain: total day in mm: 0 to 16.8\n",
    "#   - FFMC: Fine Fuel Moisture Code (FFMC) index from the FWI system: 28.6 to 92.5\n",
    "#   - DMC: Duff Moisture Code (DMC) index from the FWI system: 1.1 to 65.9\n",
    "#          DCDrought Code (DC) index from the FWI system: 7 to 220.4\n",
    "\n",
    "# Print the first five rows of the DataFrame\n",
    "print(bejaia.head())\n",
    "print(\"----\")\n",
    "print(sidi.head())"
   ]
  },
  {
   "cell_type": "code",
   "execution_count": 3,
   "id": "1c020e1c",
   "metadata": {},
   "outputs": [
    {
     "data": {
      "text/plain": [
       "Index(['day', 'month', 'year', 'Temperature', 'RH', 'Ws', 'Rain', 'FFMC',\n",
       "       'DMC', 'DC', 'ISI', 'BUI', 'FWI', 'Classes'],\n",
       "      dtype='object')"
      ]
     },
     "metadata": {},
     "output_type": "display_data"
    },
    {
     "data": {
      "text/plain": [
       "Index(['day', 'month', 'year', 'Temperature', 'RH', 'Ws', 'Rain', 'FFMC',\n",
       "       'DMC', 'DC', 'ISI', 'BUI', 'FWI', 'Classes'],\n",
       "      dtype='object')"
      ]
     },
     "metadata": {},
     "output_type": "display_data"
    },
    {
     "data": {
      "text/plain": [
       "array(['not fire', 'fire'], dtype=object)"
      ]
     },
     "metadata": {},
     "output_type": "display_data"
    },
    {
     "data": {
      "text/plain": [
       "array(['not fire', 'fire'], dtype=object)"
      ]
     },
     "metadata": {},
     "output_type": "display_data"
    }
   ],
   "source": [
    "# clean the data (clean the space in rows and columns; clean the none data)\n",
    "bejaia.columns = bejaia.columns.str.strip()\n",
    "display(bejaia.columns)\n",
    "bejaia.dropna(inplace=True)\n",
    "sidi.columns = sidi.columns.str.strip()\n",
    "display(sidi.columns)\n",
    "sidi.dropna(inplace=True)\n",
    "\n",
    "bejaia.Classes = bejaia.Classes.str.strip()\n",
    "display(bejaia.Classes.unique())\n",
    "sidi.Classes = sidi.Classes.str.strip()\n",
    "display(sidi.Classes.unique())\n",
    "\n",
    "# drop the year column\n",
    "bejaia = bejaia.drop(['year'], axis = 1)\n",
    "sidi = sidi.drop(['year'], axis=1)\n",
    "\n",
    "# divide the natural factors and FWI indices\n",
    "natural_bejaia = bejaia[['Temperature', 'RH', 'Ws', 'Rain']]\n",
    "fwi_bejaia = bejaia[['FFMC', 'DMC', 'DC', 'ISI', 'BUI', 'FWI']]\n",
    "natural_sidi = bejaia[['Temperature', 'RH', 'Ws', 'Rain']]\n",
    "fwi_sidi = bejaia[['FFMC', 'DMC', 'DC', 'ISI', 'BUI', 'FWI']]\n",
    "\n",
    "# recode the class as a dumby variable (not fire: 0, fire: 1)\n",
    "replacement_mapping = {'fire': 1, 'not fire': 0}\n",
    "bejaia['Classes'] = bejaia['Classes'].replace(replacement_mapping)\n",
    "sidi['Classes'] = sidi['Classes'].replace(replacement_mapping)\n",
    "\n",
    "dep_bejaia = bejaia['Classes']\n",
    "dep_sidi = sidi['Classes']"
   ]
  },
  {
   "cell_type": "code",
   "execution_count": 4,
   "id": "3b209674",
   "metadata": {},
   "outputs": [
    {
     "data": {
      "text/html": [
       "<div>\n",
       "<style scoped>\n",
       "    .dataframe tbody tr th:only-of-type {\n",
       "        vertical-align: middle;\n",
       "    }\n",
       "\n",
       "    .dataframe tbody tr th {\n",
       "        vertical-align: top;\n",
       "    }\n",
       "\n",
       "    .dataframe thead th {\n",
       "        text-align: right;\n",
       "    }\n",
       "</style>\n",
       "<table border=\"1\" class=\"dataframe\">\n",
       "  <thead>\n",
       "    <tr style=\"text-align: right;\">\n",
       "      <th></th>\n",
       "      <th>day</th>\n",
       "      <th>month</th>\n",
       "      <th>Temperature</th>\n",
       "      <th>RH</th>\n",
       "      <th>Ws</th>\n",
       "      <th>Rain</th>\n",
       "      <th>FFMC</th>\n",
       "      <th>DMC</th>\n",
       "      <th>DC</th>\n",
       "      <th>ISI</th>\n",
       "      <th>BUI</th>\n",
       "      <th>FWI</th>\n",
       "      <th>Classes</th>\n",
       "    </tr>\n",
       "  </thead>\n",
       "  <tbody>\n",
       "    <tr>\n",
       "      <th>day</th>\n",
       "      <td>1.000000e+00</td>\n",
       "      <td>5.358691e-17</td>\n",
       "      <td>0.181092</td>\n",
       "      <td>-0.210608</td>\n",
       "      <td>0.063970</td>\n",
       "      <td>-0.097489</td>\n",
       "      <td>0.291751</td>\n",
       "      <td>0.542760</td>\n",
       "      <td>0.568644</td>\n",
       "      <td>0.371489</td>\n",
       "      <td>0.557301</td>\n",
       "      <td>0.467585</td>\n",
       "      <td>0.306384</td>\n",
       "    </tr>\n",
       "    <tr>\n",
       "      <th>month</th>\n",
       "      <td>5.358691e-17</td>\n",
       "      <td>1.000000e+00</td>\n",
       "      <td>-0.035708</td>\n",
       "      <td>-0.088025</td>\n",
       "      <td>-0.007804</td>\n",
       "      <td>0.145180</td>\n",
       "      <td>-0.040746</td>\n",
       "      <td>-0.007624</td>\n",
       "      <td>-0.006211</td>\n",
       "      <td>-0.011281</td>\n",
       "      <td>-0.009113</td>\n",
       "      <td>0.003330</td>\n",
       "      <td>-0.066455</td>\n",
       "    </tr>\n",
       "    <tr>\n",
       "      <th>Temperature</th>\n",
       "      <td>1.810918e-01</td>\n",
       "      <td>-3.570824e-02</td>\n",
       "      <td>1.000000</td>\n",
       "      <td>-0.660151</td>\n",
       "      <td>-0.228035</td>\n",
       "      <td>-0.486947</td>\n",
       "      <td>0.748423</td>\n",
       "      <td>0.541489</td>\n",
       "      <td>0.532838</td>\n",
       "      <td>0.663871</td>\n",
       "      <td>0.542210</td>\n",
       "      <td>0.608367</td>\n",
       "      <td>0.497810</td>\n",
       "    </tr>\n",
       "    <tr>\n",
       "      <th>RH</th>\n",
       "      <td>-2.106080e-01</td>\n",
       "      <td>-8.802546e-02</td>\n",
       "      <td>-0.660151</td>\n",
       "      <td>1.000000</td>\n",
       "      <td>0.245774</td>\n",
       "      <td>0.329163</td>\n",
       "      <td>-0.653153</td>\n",
       "      <td>-0.347080</td>\n",
       "      <td>-0.314271</td>\n",
       "      <td>-0.586410</td>\n",
       "      <td>-0.338233</td>\n",
       "      <td>-0.476067</td>\n",
       "      <td>-0.377328</td>\n",
       "    </tr>\n",
       "    <tr>\n",
       "      <th>Ws</th>\n",
       "      <td>6.396952e-02</td>\n",
       "      <td>-7.803641e-03</td>\n",
       "      <td>-0.228035</td>\n",
       "      <td>0.245774</td>\n",
       "      <td>1.000000</td>\n",
       "      <td>0.349321</td>\n",
       "      <td>-0.211069</td>\n",
       "      <td>0.039394</td>\n",
       "      <td>0.099231</td>\n",
       "      <td>-0.039266</td>\n",
       "      <td>0.062212</td>\n",
       "      <td>0.029637</td>\n",
       "      <td>-0.121408</td>\n",
       "    </tr>\n",
       "    <tr>\n",
       "      <th>Rain</th>\n",
       "      <td>-9.748921e-02</td>\n",
       "      <td>1.451800e-01</td>\n",
       "      <td>-0.486947</td>\n",
       "      <td>0.329163</td>\n",
       "      <td>0.349321</td>\n",
       "      <td>1.000000</td>\n",
       "      <td>-0.573476</td>\n",
       "      <td>-0.265371</td>\n",
       "      <td>-0.283652</td>\n",
       "      <td>-0.366425</td>\n",
       "      <td>-0.271951</td>\n",
       "      <td>-0.292914</td>\n",
       "      <td>-0.334392</td>\n",
       "    </tr>\n",
       "    <tr>\n",
       "      <th>FFMC</th>\n",
       "      <td>2.917513e-01</td>\n",
       "      <td>-4.074604e-02</td>\n",
       "      <td>0.748423</td>\n",
       "      <td>-0.653153</td>\n",
       "      <td>-0.211069</td>\n",
       "      <td>-0.573476</td>\n",
       "      <td>1.000000</td>\n",
       "      <td>0.608512</td>\n",
       "      <td>0.575221</td>\n",
       "      <td>0.790086</td>\n",
       "      <td>0.600707</td>\n",
       "      <td>0.675553</td>\n",
       "      <td>0.743637</td>\n",
       "    </tr>\n",
       "    <tr>\n",
       "      <th>DMC</th>\n",
       "      <td>5.427601e-01</td>\n",
       "      <td>-7.624391e-03</td>\n",
       "      <td>0.541489</td>\n",
       "      <td>-0.347080</td>\n",
       "      <td>0.039394</td>\n",
       "      <td>-0.265371</td>\n",
       "      <td>0.608512</td>\n",
       "      <td>1.000000</td>\n",
       "      <td>0.962193</td>\n",
       "      <td>0.750098</td>\n",
       "      <td>0.995551</td>\n",
       "      <td>0.901759</td>\n",
       "      <td>0.616951</td>\n",
       "    </tr>\n",
       "    <tr>\n",
       "      <th>DC</th>\n",
       "      <td>5.686443e-01</td>\n",
       "      <td>-6.211283e-03</td>\n",
       "      <td>0.532838</td>\n",
       "      <td>-0.314271</td>\n",
       "      <td>0.099231</td>\n",
       "      <td>-0.283652</td>\n",
       "      <td>0.575221</td>\n",
       "      <td>0.962193</td>\n",
       "      <td>1.000000</td>\n",
       "      <td>0.717591</td>\n",
       "      <td>0.982554</td>\n",
       "      <td>0.869911</td>\n",
       "      <td>0.588464</td>\n",
       "    </tr>\n",
       "    <tr>\n",
       "      <th>ISI</th>\n",
       "      <td>3.714887e-01</td>\n",
       "      <td>-1.128069e-02</td>\n",
       "      <td>0.663871</td>\n",
       "      <td>-0.586410</td>\n",
       "      <td>-0.039266</td>\n",
       "      <td>-0.366425</td>\n",
       "      <td>0.790086</td>\n",
       "      <td>0.750098</td>\n",
       "      <td>0.717591</td>\n",
       "      <td>1.000000</td>\n",
       "      <td>0.746761</td>\n",
       "      <td>0.944062</td>\n",
       "      <td>0.831796</td>\n",
       "    </tr>\n",
       "    <tr>\n",
       "      <th>BUI</th>\n",
       "      <td>5.573006e-01</td>\n",
       "      <td>-9.113001e-03</td>\n",
       "      <td>0.542210</td>\n",
       "      <td>-0.338233</td>\n",
       "      <td>0.062212</td>\n",
       "      <td>-0.271951</td>\n",
       "      <td>0.600707</td>\n",
       "      <td>0.995551</td>\n",
       "      <td>0.982554</td>\n",
       "      <td>0.746761</td>\n",
       "      <td>1.000000</td>\n",
       "      <td>0.900417</td>\n",
       "      <td>0.612576</td>\n",
       "    </tr>\n",
       "    <tr>\n",
       "      <th>FWI</th>\n",
       "      <td>4.675849e-01</td>\n",
       "      <td>3.329551e-03</td>\n",
       "      <td>0.608367</td>\n",
       "      <td>-0.476067</td>\n",
       "      <td>0.029637</td>\n",
       "      <td>-0.292914</td>\n",
       "      <td>0.675553</td>\n",
       "      <td>0.901759</td>\n",
       "      <td>0.869911</td>\n",
       "      <td>0.944062</td>\n",
       "      <td>0.900417</td>\n",
       "      <td>1.000000</td>\n",
       "      <td>0.759758</td>\n",
       "    </tr>\n",
       "    <tr>\n",
       "      <th>Classes</th>\n",
       "      <td>3.063835e-01</td>\n",
       "      <td>-6.645504e-02</td>\n",
       "      <td>0.497810</td>\n",
       "      <td>-0.377328</td>\n",
       "      <td>-0.121408</td>\n",
       "      <td>-0.334392</td>\n",
       "      <td>0.743637</td>\n",
       "      <td>0.616951</td>\n",
       "      <td>0.588464</td>\n",
       "      <td>0.831796</td>\n",
       "      <td>0.612576</td>\n",
       "      <td>0.759758</td>\n",
       "      <td>1.000000</td>\n",
       "    </tr>\n",
       "  </tbody>\n",
       "</table>\n",
       "</div>"
      ],
      "text/plain": [
       "                      day         month  Temperature        RH        Ws  \\\n",
       "day          1.000000e+00  5.358691e-17     0.181092 -0.210608  0.063970   \n",
       "month        5.358691e-17  1.000000e+00    -0.035708 -0.088025 -0.007804   \n",
       "Temperature  1.810918e-01 -3.570824e-02     1.000000 -0.660151 -0.228035   \n",
       "RH          -2.106080e-01 -8.802546e-02    -0.660151  1.000000  0.245774   \n",
       "Ws           6.396952e-02 -7.803641e-03    -0.228035  0.245774  1.000000   \n",
       "Rain        -9.748921e-02  1.451800e-01    -0.486947  0.329163  0.349321   \n",
       "FFMC         2.917513e-01 -4.074604e-02     0.748423 -0.653153 -0.211069   \n",
       "DMC          5.427601e-01 -7.624391e-03     0.541489 -0.347080  0.039394   \n",
       "DC           5.686443e-01 -6.211283e-03     0.532838 -0.314271  0.099231   \n",
       "ISI          3.714887e-01 -1.128069e-02     0.663871 -0.586410 -0.039266   \n",
       "BUI          5.573006e-01 -9.113001e-03     0.542210 -0.338233  0.062212   \n",
       "FWI          4.675849e-01  3.329551e-03     0.608367 -0.476067  0.029637   \n",
       "Classes      3.063835e-01 -6.645504e-02     0.497810 -0.377328 -0.121408   \n",
       "\n",
       "                 Rain      FFMC       DMC        DC       ISI       BUI  \\\n",
       "day         -0.097489  0.291751  0.542760  0.568644  0.371489  0.557301   \n",
       "month        0.145180 -0.040746 -0.007624 -0.006211 -0.011281 -0.009113   \n",
       "Temperature -0.486947  0.748423  0.541489  0.532838  0.663871  0.542210   \n",
       "RH           0.329163 -0.653153 -0.347080 -0.314271 -0.586410 -0.338233   \n",
       "Ws           0.349321 -0.211069  0.039394  0.099231 -0.039266  0.062212   \n",
       "Rain         1.000000 -0.573476 -0.265371 -0.283652 -0.366425 -0.271951   \n",
       "FFMC        -0.573476  1.000000  0.608512  0.575221  0.790086  0.600707   \n",
       "DMC         -0.265371  0.608512  1.000000  0.962193  0.750098  0.995551   \n",
       "DC          -0.283652  0.575221  0.962193  1.000000  0.717591  0.982554   \n",
       "ISI         -0.366425  0.790086  0.750098  0.717591  1.000000  0.746761   \n",
       "BUI         -0.271951  0.600707  0.995551  0.982554  0.746761  1.000000   \n",
       "FWI         -0.292914  0.675553  0.901759  0.869911  0.944062  0.900417   \n",
       "Classes     -0.334392  0.743637  0.616951  0.588464  0.831796  0.612576   \n",
       "\n",
       "                  FWI   Classes  \n",
       "day          0.467585  0.306384  \n",
       "month        0.003330 -0.066455  \n",
       "Temperature  0.608367  0.497810  \n",
       "RH          -0.476067 -0.377328  \n",
       "Ws           0.029637 -0.121408  \n",
       "Rain        -0.292914 -0.334392  \n",
       "FFMC         0.675553  0.743637  \n",
       "DMC          0.901759  0.616951  \n",
       "DC           0.869911  0.588464  \n",
       "ISI          0.944062  0.831796  \n",
       "BUI          0.900417  0.612576  \n",
       "FWI          1.000000  0.759758  \n",
       "Classes      0.759758  1.000000  "
      ]
     },
     "metadata": {},
     "output_type": "display_data"
    },
    {
     "data": {
      "text/html": [
       "<div>\n",
       "<style scoped>\n",
       "    .dataframe tbody tr th:only-of-type {\n",
       "        vertical-align: middle;\n",
       "    }\n",
       "\n",
       "    .dataframe tbody tr th {\n",
       "        vertical-align: top;\n",
       "    }\n",
       "\n",
       "    .dataframe thead th {\n",
       "        text-align: right;\n",
       "    }\n",
       "</style>\n",
       "<table border=\"1\" class=\"dataframe\">\n",
       "  <thead>\n",
       "    <tr style=\"text-align: right;\">\n",
       "      <th></th>\n",
       "      <th>day</th>\n",
       "      <th>month</th>\n",
       "      <th>Temperature</th>\n",
       "      <th>RH</th>\n",
       "      <th>Ws</th>\n",
       "      <th>Rain</th>\n",
       "      <th>FFMC</th>\n",
       "      <th>DMC</th>\n",
       "      <th>DC</th>\n",
       "      <th>ISI</th>\n",
       "      <th>BUI</th>\n",
       "      <th>FWI</th>\n",
       "      <th>Classes</th>\n",
       "    </tr>\n",
       "  </thead>\n",
       "  <tbody>\n",
       "    <tr>\n",
       "      <th>day</th>\n",
       "      <td>1.000000e+00</td>\n",
       "      <td>5.358691e-17</td>\n",
       "      <td>0.026168</td>\n",
       "      <td>0.008625</td>\n",
       "      <td>0.030633</td>\n",
       "      <td>-0.144598</td>\n",
       "      <td>0.155025</td>\n",
       "      <td>0.466744</td>\n",
       "      <td>0.487797</td>\n",
       "      <td>0.077103</td>\n",
       "      <td>0.479760</td>\n",
       "      <td>0.276274</td>\n",
       "      <td>0.098239</td>\n",
       "    </tr>\n",
       "    <tr>\n",
       "      <th>month</th>\n",
       "      <td>5.358691e-17</td>\n",
       "      <td>1.000000e+00</td>\n",
       "      <td>-0.084676</td>\n",
       "      <td>-0.009430</td>\n",
       "      <td>-0.078447</td>\n",
       "      <td>-0.140057</td>\n",
       "      <td>0.088332</td>\n",
       "      <td>0.136659</td>\n",
       "      <td>0.291330</td>\n",
       "      <td>0.117241</td>\n",
       "      <td>0.185088</td>\n",
       "      <td>0.146934</td>\n",
       "      <td>0.115858</td>\n",
       "    </tr>\n",
       "    <tr>\n",
       "      <th>Temperature</th>\n",
       "      <td>2.616760e-02</td>\n",
       "      <td>-8.467577e-02</td>\n",
       "      <td>1.000000</td>\n",
       "      <td>-0.598309</td>\n",
       "      <td>-0.258208</td>\n",
       "      <td>-0.129718</td>\n",
       "      <td>0.573122</td>\n",
       "      <td>0.389748</td>\n",
       "      <td>0.284506</td>\n",
       "      <td>0.538246</td>\n",
       "      <td>0.367756</td>\n",
       "      <td>0.500590</td>\n",
       "      <td>0.501757</td>\n",
       "    </tr>\n",
       "    <tr>\n",
       "      <th>RH</th>\n",
       "      <td>8.625210e-03</td>\n",
       "      <td>-9.430222e-03</td>\n",
       "      <td>-0.598309</td>\n",
       "      <td>1.000000</td>\n",
       "      <td>0.141436</td>\n",
       "      <td>0.149027</td>\n",
       "      <td>-0.645540</td>\n",
       "      <td>-0.379057</td>\n",
       "      <td>-0.265698</td>\n",
       "      <td>-0.692335</td>\n",
       "      <td>-0.360802</td>\n",
       "      <td>-0.604374</td>\n",
       "      <td>-0.444215</td>\n",
       "    </tr>\n",
       "    <tr>\n",
       "      <th>Ws</th>\n",
       "      <td>3.063310e-02</td>\n",
       "      <td>-7.844745e-02</td>\n",
       "      <td>-0.258208</td>\n",
       "      <td>0.141436</td>\n",
       "      <td>1.000000</td>\n",
       "      <td>-0.139740</td>\n",
       "      <td>-0.019406</td>\n",
       "      <td>0.028765</td>\n",
       "      <td>0.017140</td>\n",
       "      <td>0.133713</td>\n",
       "      <td>0.029740</td>\n",
       "      <td>0.107695</td>\n",
       "      <td>0.053450</td>\n",
       "    </tr>\n",
       "    <tr>\n",
       "      <th>Rain</th>\n",
       "      <td>-1.445983e-01</td>\n",
       "      <td>-1.400570e-01</td>\n",
       "      <td>-0.129718</td>\n",
       "      <td>0.149027</td>\n",
       "      <td>-0.139740</td>\n",
       "      <td>1.000000</td>\n",
       "      <td>-0.510498</td>\n",
       "      <td>-0.348431</td>\n",
       "      <td>-0.344823</td>\n",
       "      <td>-0.413477</td>\n",
       "      <td>-0.358060</td>\n",
       "      <td>-0.410564</td>\n",
       "      <td>-0.475288</td>\n",
       "    </tr>\n",
       "    <tr>\n",
       "      <th>FFMC</th>\n",
       "      <td>1.550250e-01</td>\n",
       "      <td>8.833190e-02</td>\n",
       "      <td>0.573122</td>\n",
       "      <td>-0.645540</td>\n",
       "      <td>-0.019406</td>\n",
       "      <td>-0.510498</td>\n",
       "      <td>1.000000</td>\n",
       "      <td>0.581300</td>\n",
       "      <td>0.480658</td>\n",
       "      <td>0.753370</td>\n",
       "      <td>0.577025</td>\n",
       "      <td>0.719442</td>\n",
       "      <td>0.796266</td>\n",
       "    </tr>\n",
       "    <tr>\n",
       "      <th>DMC</th>\n",
       "      <td>4.667436e-01</td>\n",
       "      <td>1.366589e-01</td>\n",
       "      <td>0.389748</td>\n",
       "      <td>-0.379057</td>\n",
       "      <td>0.028765</td>\n",
       "      <td>-0.348431</td>\n",
       "      <td>0.581300</td>\n",
       "      <td>1.000000</td>\n",
       "      <td>0.882122</td>\n",
       "      <td>0.627900</td>\n",
       "      <td>0.987917</td>\n",
       "      <td>0.851033</td>\n",
       "      <td>0.533712</td>\n",
       "    </tr>\n",
       "    <tr>\n",
       "      <th>DC</th>\n",
       "      <td>4.877965e-01</td>\n",
       "      <td>2.913300e-01</td>\n",
       "      <td>0.284506</td>\n",
       "      <td>-0.265698</td>\n",
       "      <td>0.017140</td>\n",
       "      <td>-0.344823</td>\n",
       "      <td>0.480658</td>\n",
       "      <td>0.882122</td>\n",
       "      <td>1.000000</td>\n",
       "      <td>0.468275</td>\n",
       "      <td>0.927528</td>\n",
       "      <td>0.713884</td>\n",
       "      <td>0.458389</td>\n",
       "    </tr>\n",
       "    <tr>\n",
       "      <th>ISI</th>\n",
       "      <td>7.710321e-02</td>\n",
       "      <td>1.172411e-01</td>\n",
       "      <td>0.538246</td>\n",
       "      <td>-0.692335</td>\n",
       "      <td>0.133713</td>\n",
       "      <td>-0.413477</td>\n",
       "      <td>0.753370</td>\n",
       "      <td>0.627900</td>\n",
       "      <td>0.468275</td>\n",
       "      <td>1.000000</td>\n",
       "      <td>0.608683</td>\n",
       "      <td>0.915852</td>\n",
       "      <td>0.697385</td>\n",
       "    </tr>\n",
       "    <tr>\n",
       "      <th>BUI</th>\n",
       "      <td>4.797601e-01</td>\n",
       "      <td>1.850881e-01</td>\n",
       "      <td>0.367756</td>\n",
       "      <td>-0.360802</td>\n",
       "      <td>0.029740</td>\n",
       "      <td>-0.358060</td>\n",
       "      <td>0.577025</td>\n",
       "      <td>0.987917</td>\n",
       "      <td>0.927528</td>\n",
       "      <td>0.608683</td>\n",
       "      <td>1.000000</td>\n",
       "      <td>0.843238</td>\n",
       "      <td>0.544863</td>\n",
       "    </tr>\n",
       "    <tr>\n",
       "      <th>FWI</th>\n",
       "      <td>2.762744e-01</td>\n",
       "      <td>1.469336e-01</td>\n",
       "      <td>0.500590</td>\n",
       "      <td>-0.604374</td>\n",
       "      <td>0.107695</td>\n",
       "      <td>-0.410564</td>\n",
       "      <td>0.719442</td>\n",
       "      <td>0.851033</td>\n",
       "      <td>0.713884</td>\n",
       "      <td>0.915852</td>\n",
       "      <td>0.843238</td>\n",
       "      <td>1.000000</td>\n",
       "      <td>0.683801</td>\n",
       "    </tr>\n",
       "    <tr>\n",
       "      <th>Classes</th>\n",
       "      <td>9.823876e-02</td>\n",
       "      <td>1.158578e-01</td>\n",
       "      <td>0.501757</td>\n",
       "      <td>-0.444215</td>\n",
       "      <td>0.053450</td>\n",
       "      <td>-0.475288</td>\n",
       "      <td>0.796266</td>\n",
       "      <td>0.533712</td>\n",
       "      <td>0.458389</td>\n",
       "      <td>0.697385</td>\n",
       "      <td>0.544863</td>\n",
       "      <td>0.683801</td>\n",
       "      <td>1.000000</td>\n",
       "    </tr>\n",
       "  </tbody>\n",
       "</table>\n",
       "</div>"
      ],
      "text/plain": [
       "                      day         month  Temperature        RH        Ws  \\\n",
       "day          1.000000e+00  5.358691e-17     0.026168  0.008625  0.030633   \n",
       "month        5.358691e-17  1.000000e+00    -0.084676 -0.009430 -0.078447   \n",
       "Temperature  2.616760e-02 -8.467577e-02     1.000000 -0.598309 -0.258208   \n",
       "RH           8.625210e-03 -9.430222e-03    -0.598309  1.000000  0.141436   \n",
       "Ws           3.063310e-02 -7.844745e-02    -0.258208  0.141436  1.000000   \n",
       "Rain        -1.445983e-01 -1.400570e-01    -0.129718  0.149027 -0.139740   \n",
       "FFMC         1.550250e-01  8.833190e-02     0.573122 -0.645540 -0.019406   \n",
       "DMC          4.667436e-01  1.366589e-01     0.389748 -0.379057  0.028765   \n",
       "DC           4.877965e-01  2.913300e-01     0.284506 -0.265698  0.017140   \n",
       "ISI          7.710321e-02  1.172411e-01     0.538246 -0.692335  0.133713   \n",
       "BUI          4.797601e-01  1.850881e-01     0.367756 -0.360802  0.029740   \n",
       "FWI          2.762744e-01  1.469336e-01     0.500590 -0.604374  0.107695   \n",
       "Classes      9.823876e-02  1.158578e-01     0.501757 -0.444215  0.053450   \n",
       "\n",
       "                 Rain      FFMC       DMC        DC       ISI       BUI  \\\n",
       "day         -0.144598  0.155025  0.466744  0.487797  0.077103  0.479760   \n",
       "month       -0.140057  0.088332  0.136659  0.291330  0.117241  0.185088   \n",
       "Temperature -0.129718  0.573122  0.389748  0.284506  0.538246  0.367756   \n",
       "RH           0.149027 -0.645540 -0.379057 -0.265698 -0.692335 -0.360802   \n",
       "Ws          -0.139740 -0.019406  0.028765  0.017140  0.133713  0.029740   \n",
       "Rain         1.000000 -0.510498 -0.348431 -0.344823 -0.413477 -0.358060   \n",
       "FFMC        -0.510498  1.000000  0.581300  0.480658  0.753370  0.577025   \n",
       "DMC         -0.348431  0.581300  1.000000  0.882122  0.627900  0.987917   \n",
       "DC          -0.344823  0.480658  0.882122  1.000000  0.468275  0.927528   \n",
       "ISI         -0.413477  0.753370  0.627900  0.468275  1.000000  0.608683   \n",
       "BUI         -0.358060  0.577025  0.987917  0.927528  0.608683  1.000000   \n",
       "FWI         -0.410564  0.719442  0.851033  0.713884  0.915852  0.843238   \n",
       "Classes     -0.475288  0.796266  0.533712  0.458389  0.697385  0.544863   \n",
       "\n",
       "                  FWI   Classes  \n",
       "day          0.276274  0.098239  \n",
       "month        0.146934  0.115858  \n",
       "Temperature  0.500590  0.501757  \n",
       "RH          -0.604374 -0.444215  \n",
       "Ws           0.107695  0.053450  \n",
       "Rain        -0.410564 -0.475288  \n",
       "FFMC         0.719442  0.796266  \n",
       "DMC          0.851033  0.533712  \n",
       "DC           0.713884  0.458389  \n",
       "ISI          0.915852  0.697385  \n",
       "BUI          0.843238  0.544863  \n",
       "FWI          1.000000  0.683801  \n",
       "Classes      0.683801  1.000000  "
      ]
     },
     "metadata": {},
     "output_type": "display_data"
    }
   ],
   "source": [
    "# get the coefficient matrix\n",
    "display(bejaia.corr())\n",
    "display(sidi.corr())"
   ]
  },
  {
   "cell_type": "code",
   "execution_count": 5,
   "id": "4394ce35",
   "metadata": {},
   "outputs": [
    {
     "data": {
      "text/plain": [
       "<Axes: >"
      ]
     },
     "execution_count": 5,
     "metadata": {},
     "output_type": "execute_result"
    },
    {
     "data": {
